1938	[514664005, 104350762, 221577035, 271124044, 884773699, 178537973, 129027749, 376609221, 504460555, 8380311, 35842480, 278332959, 169005417, 493938033, 541188674, 145156052, 8010359, 431550926, 453344228, 663954167, 189139220, 69371688, 124653816, 14480766, 117123564, 5218629]
1939	[530865642, 107233194, 229172433, 277866815, 909309918, 183718720, 132668613, 383858976, 520215247, 8530443, 36438090, 287114127, 174135096, 508938657, 556263047, 149810591, 8162944, 444580616, 466399637, 683332419, 194805239, 71510968, 127840275, 14716217, 120803674, 5363755]
1940	[532398193, 107336588, 229186665, 279351554, 909531039, 182975917, 133343974, 382360609, 518416071, 8527281, 36737492, 287762828, 173897380, 508415575, 555538824, 150233336, 8197250, 446580312, 464970439, 681811934, 195252528, 71632359, 127042395, 14798285, 120703400, 5515877]
1941	[521968622, 105859400, 225630081, 274540390, 893438529, 179738399, 130742734, 375751605, 511109892, 8665845, 36630525, 282006884, 170696593, 501054931, 546617159, 148071228, 8177744, 438229968, 456695701, 670576430, 191861272, 70303373, 125439501, 14541908, 117609052, 5548336]
1942	[509486245, 102288979, 218144890, 266071818, 865617876, 173803183, 127536524, 363210686, 494695798, 8004221, 35428437, 274764710, 165365544, 485099250, 528615001, 143685152, 7995781, 426264590, 442504321, 648480722, 185833790, 68417291, 121666877, 14331289, 114362663, 5408985]
1943	[412867497, 83422378, 174861722, 217377110, 702861421, 140693568, 104224186, 297014941, 399734474, 6561420, 29482387, 223853846, 134798905, 392714324, 429802634, 115980336, 6394563, 345606459, 357379134, 526713759, 151028294, 55043232, 101313351, 11395685, 93078754, 4415605]
1944	[374841618, 75994054, 158023628, 197264080, 634810043, 126639141, 94487589, 269690869, 363283871, 6068816, 27149048, 204785469, 122596527, 356008315, 389569385, 105144512, 5797800, 312317706, 323717820, 474964678, 136781269, 49819631, 91931539, 10167533, 84583832, 4104304]
1945	[406793170, 82650842, 172920806, 213637911, 693068060, 138208147, 102315278, 293450793, 396705519, 6562692, 28701671, 219816624, 132773039, 389819710, 424561300, 114027437, 6188601, 339451455, 352696294, 519416168, 147874752, 54761492, 99722356, 11184496, 92036858, 4297640]
1946	[494926243, 100297374, 210045687, 261728512, 842770134, 167749010, 124467758, 359436854, 483881645, 8184783, 35622788, 268315948, 162922556, 472669386, 516784412, 138370407, 7700981, 410759461, 430690466, 631768447, 181672842, 66231302, 121145778, 13645526, 113691342, 5173287]
1947	[574885446, 115876409, 246213400, 303385906, 978101914, 194838302, 144064536, 412384916, 560884130, 9157666, 40982927, 311566261, 188461511, 548459743, 598207374, 162886126, 9027964, 480106303, 499386933, 733104293, 210923575, 76790782, 139171099, 16022071, 130030739, 6185757]
1948	[615470006, 123892982, 266579411, 321175350, 1047260368, 210927025, 152613511, 438544304, 604143890, 9946880, 41658601, 332351752, 202190374, 587836494, 642033579, 174744053, 9721348, 514512236, 536280182, 787734125, 224924274, 82854124, 145757936, 17632902, 138056935, 6537500]
2005	[5522070338, 1059916088, 2372799890, 2908906517, 9221860867, 1699294190, 1464335514, 3734128697, 5359142813, 102594037, 470800123, 3008863096, 1817374746, 5255137733, 5720215806, 1567998788, 79782442, 4551008332, 4781548038, 6898654763, 2051243362, 761886640, 1311177611, 162597294, 1296480773, 63413783]
2006	[5750464099, 1104551217, 2476320897, 3027040188, 9625100564, 1785294694, 1522544818, 3904838251, 5599849194, 106637959, 480815847, 3128425794, 1893170288, 5485985928, 5961696040, 1632473241, 83429104, 4746624944, 4986730881, 7205504799, 2130901322, 796619832, 1361978515, 168984816, 1345216438, 64867054]
2007	[6019668508, 1157880272, 2529080617, 3208385919, 10067385488, 1854662960, 1604350776, 4183591526, 5789993764, 110225269, 523887488, 3270770949, 1977011374, 5715582131, 6239404497, 1673959306, 85569227, 4928834492, 5187957075, 7536255076, 2239543708, 826854183, 1477313203, 171297146, 1426825866, 66135963]
2008	[8192473471, 1618730318, 3318085326, 4450575310, 13906103329, 2623906522, 2168454615, 6091967779, 7805145387, 146193861, 703624201, 4421624389, 2693538774, 7798965411, 8573789097, 2212621626, 118606298, 6700382556, 7074817975, 10401723828, 3057924965, 1119442401, 2133677171, 219706715, 1974422075, 76273891]
2009	[8501003367, 1687021847, 3488934344, 4584850811, 14525671715, 2793107989, 2227346878, 6378601742, 8195057714, 155063173, 693905861, 4576000780, 2797582487, 8156538390, 8952607908, 2308960697, 122693282, 6986275092, 7409996705, 10894003270, 3149581761, 1175099235, 2190436218, 229835513, 2028755452, 76348688]
